times: 765
num anchors: 95
Mq: 0.35261Sq: 0.0478524
